A:8.0713443424375
A:6290382.0000000000000
A:946176.0000000000000
